org1 2015 12 20 8 10 5.0 10.0
org2 2015 12 21 8 10 5.0 10.0
org3 2015 12 22 8 10 5.0 10.0
org4 2015 12 23 8 10 5.0 10.0
org5 2015 12 20 15 20 5.0 10.0
org6 2016 1 1 8 10 5.0 10.0
org7 2016 1 2 8 10 5.0 10.0
org8 2016 1 3 8 10 5.0 10.0
org9 2016 1 4 8 10 5.0 10.0
org10 2016 1 5 15 20 5.0 10.0
org11 2016 1 15 8 10 5.0 10.0
org12 2016 1 16 8 10 5.0 10.0
org13 2016 1 17 8 10 5.0 10.0
org14 2016 1 18 8 10 5.0 10.0
org15 2016 1 19 15 20 5.0 10.0
org16 2016 1 20 8 10 5.0 10.0
org17 2016 2 1 8 10 5.0 10.0
org18 2016 2 2 8 10 5.0 10.0
org19 2016 2 5 8 10 5.0 10.0
org20 2016 2 3 15 20 5.0 10.0
org21 2016 2 4 8 10 5.0 10.0
org22 2016 2 15 8 10 5.0 10.0
org23 2016 2 16 8 10 5.0 10.0
org24 2016 2 17 8 10 5.0 10.0
org25 2016 2 18 15 20 5.0 10.0