Mary,1,1,1,2,1,9,25,35,47,,
Dorothy,2,3,12,35,95,,,,,,
Helen,3,4,18,50,,,,,,,
Margaret,4,5,11,15,36,80,,,,,
Ruth,5,10,24,49,97,,,,,,
Mildred,6,21,58,,,,,,,,
Virginia,7,12,21,43,,,,,,,
Elizabeth,8,15,20,24,18,18,9,9,9,12,
Frances,9,16,28,51,,,,,,,
Anna,10,23,51,93,,,55,45,22,27,
Betty,11,2,5,26,68,,,,,,
Evelyn,12,19,48,86,,,,,,39,
Marie,13,26,41,72,,,,,,,
Doris,14,9,31,74,,,,,,,
Alice,15,20,32,57,,,,,,,
Florence,16,38,100,,,,,,,,
Irene,17,33,73,92,,,,,,,
Lillian,18,43,97,,,,,,,22,
Louise,19,31,59,,,,,,,,
Rose,20,29,44,69,98,,,,,,
Catherine,21,35,53,34,42,59,77,71,81,,
Gladys,22,48,,,,,,,,,
Martha,23,27,26,32,83,,,,,,
Marjorie,24,32,64,,,,,,,,
Eleanor,25,39,68,,,,,,,,
Ruby,26,36,66,,,,,,,,
Edna,27,51,86,,,,,,,,
Josephine,28,49,89,,,,,,,,
Lucille,29,59,,,,,,,,,
Ethel,30,65,,,,,,,,,
Thelma,31,45,,,,,,,,,
Edith,32,61,98,,,,,,,,
Jean,33,14,29,48,86,,,,,,
Hazel,34,71,,,,,,,,,
Annie,35,40,56,,,,,,,,
Pauline,36,52,,,,,,,,,
Grace,37,62,,,,,,,19,18,
Lois,38,17,38,83,,,,,,,
Esther,39,77,,,,,,,,,
Bernice,40,58,,,,,,,,,
Beatrice,41,76,,,,,,,,,
Gertrude,42,96,,,,,,,,,
Marion,43,60,,,,,,,,,
Clara,44,64,,,,,,,,,
Katherine,45,85,91,58,80,67,35,26,33,70,
Emma,46,73,94,,,,,,17,3,
Barbara,47,6,2,4,12,41,,,,,
Jane,48,55,47,39,67,,,,,,
Ann,49,41,35,45,50,62,,,,,
Sarah,50,70,60,88,,65,5,6,5,28,
Elsie,51,88,,,,,,,,,
Rita,52,42,70,56,96,,,,,,
June,53,47,82,,,,,,,,
Agnes,54,,,,,,,,,,
Julia,55,90,92,,,,98,83,29,55,
Shirley,56,11,9,19,70,,,,,,
Bertha,57,95,,,,,,,,,
Eva,58,86,,,,,,,,91,
Viola,59,,,,,,,,,,
Geraldine,60,44,46,,,,,,,,
Juanita,61,57,78,,,,,,,,
Pearl,62,,,,,,,,,,
Laura,63,89,,63,24,13,21,29,85,,
Vivian,64,91,,,,,,,,,
Anne,65,83,84,84,88,,,,,,
Ida,66,94,,,,,,,,,
Kathryn,67,,,46,82,,50,57,89,,
Myrtle,68,,,,,,,,,,
Norma,69,25,43,,,,,,,,
Lorraine,70,46,95,,,,,,,,
Bessie,71,,,,,,,,,,
Phyllis,72,28,33,53,,,,,,,
Marian,73,80,,,,,,,,,
Willie,74,87,,,,,,,,,
Vera,75,,,,,,,,,,
Nellie,76,,,,,,,,,,
Violet,77,,,,,,,,,,
Wilma,78,68,93,,,,,,,,
Charlotte,79,75,55,80,,,,,,46,
Alma,80,,,,,,,,,,
Maxine,81,93,,,,,,,,,
Stella,82,,,,,,,,,85,
Mabel,83,,,,,,,,,,
Jessie,84,,,,,,,,,,
Sylvia,85,,62,97,,,,,,,
Genevieve,86,,,,,,,,,,
Minnie,87,,,,,,,,,,
Ella,88,,,,,,,,,13,
Leona,89,,,,,,,,,,
Lillie,90,,,,,,,,,,
Kathleen,91,84,40,10,27,45,82,92,,,
Ellen,92,100,74,66,94,,,,,,
Marguerite,93,,,,,,,,,,
Lucy,94,,,,,,,,,75,
Nancy,95,24,7,6,15,50,,,,,
Mattie,96,,,,,,,,,,
Jennie,97,,,,,,,,,,
Lena,98,,,,,,,,,,
Mae,99,,,,,,,,,,
Eileen,100,,,91,,,,,,,
Patricia,,7,3,3,7,24,51,97,,,
Joan,,8,14,40,81,,,,,,
Dolores,,13,67,,,,,,,,
Joyce,,18,13,27,58,,,,,,
Marilyn,,22,25,37,,,,,,,
Gloria,,30,30,30,79,,,,,,
Beverly,,34,27,31,60,,,,,,
Donna,,37,23,13,5,32,,,,,
Theresa,,50,,65,35,54,,,,,
Janet,,53,19,18,32,96,,,,,
Carol,,54,6,9,23,71,,,,,
Wanda,,56,52,52,66,,,,,,
Audrey,,63,99,,,,,,,52,
Delores,,66,83,,,,,,,,
Peggy,,67,37,41,69,,,,,,
Elaine,,69,50,60,,,,,,,
Carolyn,,72,15,20,43,84,,,,,
Jacqueline,,74,76,55,85,66,81,67,64,,
Bonnie,,78,39,33,71,,,,,,
Billie,,79,,,,,,,,,
Rosemary,,81,85,,,,,,,,
Joanne,,82,54,67,99,,,,,,
Jeanne,,92,,95,,,,,,,
Sally,,97,61,78,,,,,,,
Patsy,,98,57,,,,,,,,
Maria,,99,,73,59,39,36,47,41,86,
Judith,,,4,21,74,,,,,,
Linda,,,8,1,3,38,,,,,
Sandra,,,10,8,11,27,80,,,,
Judy,,,16,25,48,,,,,,
Sharon,,,17,11,16,37,,,,,
Janice,,,22,22,41,,,,,,
Karen,,,34,12,4,12,54,,,,
Susan,,,36,5,2,15,63,,,,
Brenda,,,42,14,13,40,,,,,
Diane,,,45,16,22,70,,,,,
Carole,,,49,,,,,,,,
Joann,,,63,98,,,,,,,
Gail,,,65,42,90,,,,,,
Loretta,,,69,,,,,,,,
Roberta,,,71,96,,,,,,,
Jo,,,72,64,,,,,,,
Arlene,,,75,,,,,,,,
Kay,,,77,,,,,,,,
Darlene,,,79,79,75,,,,,,
Marlene,,,80,,,,,,,,
Sue,,,81,100,,,,,,,
Anita,,,87,99,87,,,,,,
Connie,,,88,44,47,,,,,,
Jeanette,,,90,,,,,,,,
Rebecca,,,96,36,38,29,17,21,39,,
Deborah,,,,7,10,33,,,,,
Pamela,,,,17,14,26,86,,,,
Cynthia,,,,23,9,25,64,88,,,
Christine,,,,28,40,14,41,62,,,
Cheryl,,,,29,17,44,,,,,
Kathy,,,,38,21,77,,,,,
Diana,,,,47,53,89,,98,,,
Paula,,,,54,55,57,,,,,
Debra,,,,59,8,47,,,,,
Vicki,,,,61,73,,,,,,
Sherry,,,,62,54,60,,,,,
Marsha,,,,68,,,,,,,
Sheila,,,,70,56,74,,,,,
Suzanne,,,,71,78,87,,,,,
Cathy,,,,75,45,,,,,,
Lynn,,,,76,64,,,,,,
Marcia,,,,77,,,,,,,
Teresa,,,,81,19,34,95,,,,
Denise,,,,82,29,36,94,,,,
Constance,,,,85,,,,,,,
Glenda,,,,87,,,,,,,
Maureen,,,,89,,,,,,,
Dianne,,,,90,,,,,,,
Victoria,,,,94,,85,,33,20,32,
Lisa,,,,,6,2,16,64,,,
Lori,,,,,20,23,76,,,,
Debbie,,,,,25,,,,,,
Kimberly,,,,,26,3,11,31,58,69,
Julie,,,,,28,11,32,93,,,
Cindy,,,,,30,72,,,,,
Tammy,,,,,31,8,96,,,,
Robin,,,,,33,51,,,,,
Kim,,,,,34,78,,,,,
Laurie,,,,,37,88,,,,,
Michelle,,,,,39,4,10,22,52,,
Rhonda,,,,,44,46,,,,,
Tina,,,,,46,21,72,,,,
Terri,,,,,49,,,,,,
Kelly,,,,,51,20,19,41,,,
Angela,,,,,52,6,12,52,80,,
Dawn,,,,,57,16,67,,,,
Jennifer,,,,,61,1,1,8,26,,
Annette,,,,,62,,,,,,
Wendy,,,,,63,28,75,,,,
Valerie,,,,,65,97,85,,,,
Beth,,,,,72,92,,,,,
Jill,,,,,76,52,66,,,,
Amy,,,,,77,5,8,38,,,
Tracy,,,,,84,10,56,,,,